%YAML:1.0
num_components: 1
mean: !!opencv-matrix
   rows: 1
   cols: 4096
   dt: d
   data: [ 42., 45., 40., 40., 38., 38., 29., 26., 31., 32., 33., 40.,
       54., 67., 73., 80., 84., 91., 91., 102., 107., 110., 105., 103.,
       104., 99., 97., 97., 107., 104., 111., 111., 115., 115., 116.,
       113., 113., 115., 114., 116., 122., 129., 142., 163., 78., 74.,
       77., 73., 73., 73., 75., 81., 95., 103., 126., 180., 197., 216.,
       215., 219., 219., 224., 225., 224., 51., 39., 38., 39., 37., 33.,
       35., 29., 30., 32., 37., 53., 71., 78., 85., 86., 95., 107., 108.,
       114., 115., 115., 114., 114., 108., 107., 104., 105., 108., 113.,
       116., 117., 116., 121., 120., 115., 118., 118., 118., 118., 123.,
       136., 149., 164., 153., 80., 74., 66., 67., 68., 78., 83., 92.,
       102., 132., 150., 195., 215., 219., 219., 223., 219., 226., 231.,
       47., 39., 39., 40., 37., 33., 31., 33., 39., 42., 51., 73., 84.,
       89., 91., 98., 102., 108., 113., 111., 113., 120., 119., 118.,
       112., 116., 112., 115., 113., 118., 122., 119., 122., 123., 120.,
       118., 117., 124., 124., 123., 118., 132., 145., 189., 192., 99.,
       84., 75., 68., 71., 74., 90., 101., 127., 124., 124., 188., 215.,
       217., 218., 217., 222., 224., 227., 41., 37., 37., 41., 39., 38.,
       39., 36., 42., 52., 67., 81., 84., 88., 97., 102., 102., 111.,
       115., 116., 121., 126., 123., 122., 124., 120., 119., 121., 122.,
       124., 121., 121., 122., 120., 117., 123., 123., 122., 122., 123.,
       120., 122., 138., 176., 200., 204., 79., 75., 73., 76., 86., 94.,
       107., 118., 118., 121., 193., 212., 217., 215., 221., 223., 225.,
       224., 40., 37., 38., 36., 38., 39., 38., 38., 43., 61., 76., 89.,
       89., 93., 100., 107., 110., 111., 117., 118., 125., 126., 130.,
       126., 129., 130., 131., 129., 130., 128., 126., 125., 129., 124.,
       122., 120., 119., 123., 125., 127., 124., 122., 130., 169., 194.,
       199., 147., 82., 83., 79., 92., 89., 106., 118., 125., 127., 188.,
       209., 218., 217., 218., 218., 225., 227., 42., 37., 38., 37., 37.,
       38., 40., 40., 46., 71., 86., 95., 96., 98., 101., 113., 113.,
       114., 122., 124., 129., 131., 130., 132., 133., 136., 135., 129.,
       131., 132., 132., 130., 129., 124., 130., 125., 127., 124., 128.,
       125., 119., 124., 130., 167., 203., 219., 223., 148., 94., 83.,
       86., 110., 117., 130., 151., 156., 191., 198., 217., 218., 219.,
       219., 224., 225., 33., 37., 39., 39., 37., 36., 38., 45., 54.,
       75., 91., 93., 99., 100., 105., 110., 116., 115., 119., 127.,
       128., 132., 135., 134., 135., 134., 137., 130., 131., 133., 131.,
       132., 129., 127., 127., 129., 123., 125., 127., 123., 124., 123.,
       124., 155., 196., 233., 242., 231., 102., 90., 95., 104., 120.,
       152., 166., 162., 197., 199., 206., 216., 222., 221., 220., 224.,
       38., 38., 36., 36., 32., 31., 41., 47., 66., 78., 92., 94., 96.,
       102., 109., 110., 117., 118., 122., 125., 135., 132., 132., 131.,
       137., 138., 137., 137., 135., 134., 132., 131., 135., 133., 129.,
       126., 123., 124., 127., 125., 123., 126., 124., 141., 176., 222.,
       249., 251., 159., 108., 102., 98., 115., 131., 166., 174., 197.,
       193., 201., 213., 218., 215., 221., 220., 38., 32., 36., 38., 31.,
       35., 39., 56., 68., 75., 98., 97., 102., 105., 113., 113., 117.,
       117., 118., 124., 131., 130., 136., 135., 134., 137., 137., 136.,
       138., 135., 136., 136., 131., 132., 131., 130., 128., 124., 128.,
       123., 124., 122., 122., 136., 178., 205., 238., 245., 223., 106.,
       103., 106., 105., 120., 134., 164., 176., 191., 210., 218., 217.,
       221., 223., 221., 30., 36., 34., 30., 30., 34., 43., 55., 63.,
       88., 100., 99., 105., 107., 110., 117., 118., 121., 124., 126.,
       130., 132., 133., 134., 132., 137., 135., 137., 131., 136., 132.,
       136., 136., 131., 130., 129., 124., 128., 125., 123., 122., 122.,
       122., 128., 163., 198., 223., 230., 241., 125., 104., 107., 103.,
       118., 128., 130., 154., 203., 208., 215., 219., 218., 219., 221.,
       39., 36., 37., 36., 35., 33., 46., 52., 74., 87., 101., 101.,
       101., 108., 113., 113., 115., 121., 124., 126., 127., 130., 132.,
       130., 132., 135., 137., 135., 133., 136., 134., 135., 133., 135.,
       130., 129., 130., 129., 125., 123., 124., 122., 124., 131., 164.,
       190., 205., 218., 230., 121., 100., 95., 98., 100., 124., 117.,
       143., 199., 210., 211., 216., 218., 219., 222., 37., 33., 34.,
       33., 33., 30., 48., 62., 70., 85., 100., 99., 103., 109., 109.,
       115., 118., 117., 119., 123., 124., 125., 130., 132., 136., 133.,
       138., 135., 141., 140., 136., 135., 133., 136., 136., 131., 131.,
       130., 128., 126., 122., 124., 125., 140., 172., 186., 198., 208.,
       218., 114., 103., 87., 89., 92., 118., 119., 149., 204., 210.,
       212., 215., 214., 218., 220., 38., 32., 27., 30., 31., 33., 39.,
       61., 70., 89., 96., 98., 103., 110., 114., 118., 114., 118., 122.,
       122., 127., 126., 130., 129., 134., 136., 135., 139., 135., 140.,
       136., 137., 139., 134., 137., 135., 137., 129., 129., 124., 128.,
       127., 128., 139., 173., 199., 202., 198., 200., 126., 99., 87.,
       87., 96., 101., 100., 204., 206., 214., 213., 214., 214., 217.,
       221., 37., 32., 30., 27., 30., 33., 41., 51., 64., 84., 97., 101.,
       106., 109., 112., 116., 116., 117., 118., 123., 128., 135., 131.,
       131., 137., 137., 136., 138., 137., 140., 140., 139., 140., 136.,
       133., 136., 136., 131., 132., 128., 126., 126., 134., 141., 159.,
       200., 210., 194., 188., 136., 87., 85., 78., 99., 97., 103., 203.,
       209., 211., 216., 215., 216., 216., 218., 41., 32., 31., 30., 30.,
       35., 42., 47., 70., 82., 96., 102., 105., 111., 111., 115., 114.,
       118., 124., 127., 132., 138., 140., 139., 141., 141., 139., 138.,
       138., 139., 141., 140., 141., 141., 138., 136., 138., 137., 136.,
       130., 128., 130., 129., 132., 155., 199., 217., 217., 185., 144.,
       86., 76., 82., 97., 102., 185., 206., 209., 214., 213., 214.,
       211., 215., 219., 38., 36., 35., 32., 33., 34., 38., 49., 68.,
       88., 96., 98., 103., 109., 110., 113., 118., 124., 129., 131.,
       138., 140., 138., 144., 145., 142., 141., 144., 141., 145., 141.,
       141., 143., 141., 138., 140., 140., 137., 136., 132., 131., 131.,
       127., 133., 145., 167., 218., 228., 206., 121., 86., 77., 80.,
       100., 151., 201., 208., 209., 211., 209., 214., 216., 216., 219.,
       33., 36., 35., 33., 35., 37., 38., 48., 70., 93., 100., 103.,
       104., 105., 109., 106., 105., 119., 125., 129., 133., 140., 142.,
       145., 143., 149., 150., 145., 145., 146., 142., 145., 146., 144.,
       143., 144., 141., 144., 142., 132., 132., 130., 127., 128., 135.,
       136., 170., 227., 222., 138., 85., 80., 73., 171., 200., 207.,
       210., 209., 209., 207., 212., 212., 213., 215., 40., 39., 38.,
       35., 39., 34., 38., 46., 75., 94., 94., 96., 98., 92., 83., 77.,
       86., 96., 103., 106., 121., 128., 134., 142., 146., 150., 149.,
       148., 150., 149., 150., 148., 144., 147., 144., 143., 145., 143.,
       139., 131., 123., 122., 119., 114., 114., 112., 118., 147., 198.,
       163., 81., 82., 104., 182., 198., 202., 209., 207., 208., 209.,
       214., 215., 215., 215., 39., 41., 38., 34., 38., 34., 36., 49.,
       75., 94., 96., 92., 73., 62., 66., 66., 65., 73., 76., 74., 84.,
       97., 113., 127., 133., 136., 143., 146., 152., 152., 150., 151.,
       151., 153., 147., 146., 147., 140., 133., 125., 119., 105., 73.,
       67., 78., 76., 85., 84., 138., 169., 85., 102., 167., 188., 202.,
       208., 207., 208., 209., 208., 208., 215., 210., 214., 46., 42.,
       39., 38., 33., 35., 35., 53., 80., 94., 95., 79., 51., 52., 58.,
       61., 66., 66., 65., 62., 63., 65., 62., 70., 80., 88., 108., 128.,
